[-0.9312227754418878, 0.468278840720601, 0.242131396101399]
[-0.6095885612687357, 0.7893633438499128, 0.1188265128492818]
[-0.9719337706612379, 0.6484570100879599, 0.20599439074908998]
[-0.266766715034612, 0.2811677532233995, 0.5283581582329303]
[-0.643764977478976, 0.2803407103683181, 0.5356290979591137]
[-0.08005440532007246, 0.7697003572099701, 0.7530168575774844]
[-0.9926680344267631, 0.9193004932696665, 0.47712166722778404]
[0.4179256432248677, 0.4467879616149145, 0.2490469438688413]
[-0.017262024174684587, 0.08312206476090278, 0.5420635746764039]
[-0.5865875867013155, 0.6688619325468337, 0.11678177292683944]
[-0.1527288454052078, 0.20477024543034095, 0.4774872975162473]
[-0.6375505154936891, 0.5929776609521639, 0.21441824382523167]
[-0.06316049131386525, 0.2722113096443096, 0.5468909157515499]
[0.9490680783528678, 0.35702585194176917, 0.2943057451857424]
[-0.4046970687921996, 0.2921687107458808, 0.49670720112332667]
[0.37269231253198765, 0.7154553079410891, 0.8778781422041796]
[0.6714241771421314, 0.8990507641560085, 0.5038377877373997]
[0.08647404099115596, 0.5031296619822234, 0.4437344866543652]
[0.7476075469883057, 0.718136129599521, 0.35414188260557]
[0.2520326345236754, 0.2942897937372827, 0.4486233228178901]
[-0.6197219546103436, 0.949292472191678, 0.8939843719495163]
[0.34001639050134735, 0.35578670584965444, 0.7819861540147338]
[-0.4476711182009716, 0.8667936878509283, 0.15442512903095018]
[-0.32921699873593524, 0.3185697284502679, 0.9200142934475876]
[0.40235590794456977, 0.5619785994818036, 0.509448286485278]
[0.5202586172309578, 0.6209462980493404, 0.4510145417724466]
[-0.16142847555406648, 0.322688632300708, 0.374920727022539]
[-0.4142415148840519, 0.9545546589724732, 0.5639346381280517]
[0.5834822083341684, 0.13214532591851824, 0.17138868401822238]
[-0.08180515934700683, 0.14922563131416855, 0.2887948255851597]
[0.8084714844521976, 0.47005868950796503, 0.5961646118733802]
[-0.03195254709057216, 0.33093206346084925, 0.43408570247075795]
[0.5972605552457793, 0.4241390073831761, 0.2699289853655369]
[0.0300367008353859, 0.8750254522172303, 0.1632325026727277]
[-0.5797377271535673, 0.2756681827463663, 0.8481508586700472]
[-0.526435535198944, 0.55428012569087, 0.4664754851435232]
[0.35552453934687267, 0.4343813728775301, 0.5402053060469679]
[-0.23108539086755164, 0.6954548599015525, 0.3598313130135824]
[0.9408111400156005, 0.22452413396903925, 0.636297816352522]
[-0.4661019356077232, 0.3093662617123577, 0.42127201097702616]
[-0.5371541378280504, 0.4682421755182421, 0.6889671082121339]
[0.09074391041872065, 0.534840922683134, 0.8560465786603924]
[-0.16248774235182828, 0.26660271262902513, 0.9561148072185467]
[-0.7924911893660618, 0.44337153827393905, 0.954974745113603]
[0.09849886488254667, 0.8335126265975952, 0.047622062177427815]
[-0.46916188278371207, 0.060618093018820485, 0.6660959388952502]
[-0.46616215501922653, 0.15645910248321238, 0.5183433438063987]
[0.570065163299432, 0.1964169182975607, 0.305719803206818]
[-0.163119770828986, 0.5572972743334529, 0.1645323738143737]
[-0.39775036073781767, 0.04359887690282782, 0.32841512628524616]
[0.2348954164722037, 0.3937893633764612, 0.8174898463220731]
[-0.8809969958434065, 0.5062830552685861, 0.1169352248882165]
[-0.7074826308215356, 0.29703820712567486, 0.5894497006728653]
[-0.026352661154497747, 0.8640814604024634, 0.9539413307628366]
[-0.36177865911627016, 0.4928920744704406, 0.022070113231315358]
[-0.29422588990407417, 0.022958692474811193, 0.9382676593629955]
[-0.3013466032407166, 0.6665640599032636, 0.34308805417847343]
[0.42254128658040035, 0.6469248302505356, 0.6824132998876158]
[0.26843760869442423, 0.40483091540216243, 0.423381035069762]
[0.12095350880611999, 0.15355181004314755, 0.9296225456961015]
[0.8267031068079436, 0.8251113104032287, 0.9493794610113557]
[-0.3502177012617087, 0.02506080896473306, 0.8030989638482436]
[-0.37806975822549727, 0.4925225764636666, 0.9779829932033911]
[-0.34693250089441263, 0.7978589614211817, 0.6102572034510867]
[-0.5777025774865674, 0.18584186204145825, 0.2805138548412449]
[0.771022945892627, 0.389980159278448, 0.8748999768069352]
[0.10310383132575707, 0.005075757530624392, 0.09372077607847407]
[-0.4939971058613468, 0.3261339829046833, 0.15880834936923072]
[-0.29098908100658205, 0.11647727313849365, 0.26289710657361276]
[-0.21454519191376664, 0.9093281933197658, 0.843667816245855]
[0.675947945179016, 0.857927386240628, 0.43931094710159413]
[0.7323722416484886, 0.1606008421136108, 0.10671432950086246]
[-0.5826782050650539, 0.5339079719754293, 0.08916330753851731]
[-0.8939981788856994, 0.1035692842832705, 0.611859007202462]
[-0.16346318852456299, 0.44421963029126166, 0.3253921260582061]
[0.9004911008720635, 0.11793191548774307, 0.03999386708440611]
[0.2322924166013871, 0.5937431080549711, 0.8108655029933568]
[-0.9226907390267782, 0.0041005262626673256, 0.8483415829127614]
[0.2719154782566673, 0.7344889428472343, 0.9551540736592352]
[0.23481616203092703, 0.3596873340852317, 0.24113475608478419]
[0.37759345306787395, 0.14253662303527614, 0.6609643492607301]
[-0.49723156880595454, 0.7484883069871939, 0.9717725142550043]
[0.98066973158855, 0.1662389272196283, 0.17753087219725872]
[0.07694830000647168, 0.4649397902204695, 0.03597513138174613]
[0.23283007372910847, 0.024682602733392844, 0.03332697978743204]
[-0.7749427776913294, 0.940474104354739, 0.7998379292730304]
[-0.966439608994776, 0.2571020020362135, 0.3534446178509971]
[0.06215257495988191, 0.47876437018719453, 0.7759587312046634]
[-0.5868762363601647, 0.8457320701168405, 0.08263577679720613]
[0.31504853341846695, 0.5345676994324546, 0.16613759669353467]
[0.6539823579698696, 0.20806118247157002, 0.7404975179289778]
[-0.5750531969672883, 0.6073022176644663, 0.12037683564145873]
[0.5421914750372887, 0.9432811834186409, 0.6289754613915574]
[0.37594028247087863, 0.27797069647143713, 0.4429996453265269]
[0.6223748733813821, 0.6617333448744882, 0.8035462608608439]
[-0.7106769007197284, 0.374157898551442, 0.3112792164171584]
[-0.36270043091600823, 0.6467471342118569, 0.2095888244112757]
[-0.008518190536890291, 0.6485427392181315, 0.8479971938644016]
[-0.14364354497244491, 0.8915201366601846, 0.8761766798908299]
[0.8757740672515488, 0.19518610269234282, 0.6893328861047218]
[-0.9084475409001807, 0.5471318557447888, 0.5489817669846953]
[-0.5462639831142431, 0.2182972383609192, 0.7905563343482607]
[-0.0830415543142875, 0.9128031411283022, 0.335307799398884]
[0.4259151684428679, 0.24246363030326978, 0.478334479180374]
[-0.22659520369835806, 0.28239216127667355, 0.3339946384944741]
[0.1926379035095127, 0.5962583427703088, 0.002867558599181308]
[0.3543904340093331, 0.14727202508913895, 0.9552713287831073]
[-0.9864437757607813, 0.4295147630615196, 0.129160906263175]
[-0.7502948945729306, 0.3800650057430556, 0.09904354972540763]
[-0.8614211028460177, 0.3387501356560709, 0.02258715257963484]
[0.9248376920207955, 0.3901623705814853, 0.5238474035358239]
[-0.31537261760547786, 0.7197483120777883, 0.6938972806504393]
[-0.2971822155227477, 0.012331936925822462, 0.24676801250108793]
[0.9600997384171863, 0.5134036559169972, 0.23097495726917805]
[-0.6299494978195803, 0.8862248786742201, 0.17300449885143543]
[-0.5267560967519871, 0.4079447026505808, 0.6915135215992567]
[-0.3068569449629859, 0.9262136335849116, 0.7665773892196075]
[-0.40624687010917193, 0.4987874474666012, 0.19669671023111834]
[0.9997158177642342, 0.2333080901619482, 0.21358816940341674]
[0.9082184001742437, 0.37738872476726404, 0.5890275299982615]
[0.09422823608879538, 0.707595012601505, 0.46376460089669724]
[0.15010021742080393, 0.5178740842669954, 0.8801130116571488]
[0.6353225326035263, 0.6509341323452364, 0.6129237317856921]
[0.863899549128684, 0.013581721351325626, 0.6065529931571547]
[0.04968427530028241, 0.12616234017327344, 0.28146936315281657]
[-0.43443663335031624, 0.295765848480706, 0.616609929784604]
[0.170683308165809, 0.8837439427074707, 0.3356212367130982]
[-0.9168559964013716, 0.1074094642177209, 0.08957688920472295]
[0.6739597803650903, 0.5769831221832666, 0.23938797834643155]
[0.19593193131077458, 0.5053846830814045, 0.5278851997081531]
[0.07708200743301341, 0.4007422501178902, 0.14091381605394182]
[-0.7112569919795304, 0.5064233826374182, 0.37670643334247245]
[-0.718765351513377, 0.7427788210916656, 0.5047215194174091]
[-0.17064184776284597, 0.7182787842247622, 0.7341647941215316]
[0.3887317991601975, 0.7099251305530309, 0.8162873544283183]
[0.3284501680469163, 0.10107415538349784, 0.1326233955348367]
[-0.09273135580983682, 0.33213130120690937, 0.13286399743321375]
[0.5885699555536033, 0.701027464182249, 0.45598493502841464]
[-0.15903084685307012, 0.5152168371588992, 0.6745993960868228]
[0.06983008654566825, 0.6815527936450279, 0.05297010134995228]
[0.9013983402672936, 0.4873318405243746, 0.06850498436545416]
[0.5765375703850066, 0.6041645001590847, 0.4754827091049575]
[-0.845937634748896, 0.9623947374105143, 0.7011492708723732]
[-0.5296853156995995, 0.36972175300060073, 0.4370029756690226]
[0.18283443534798272, 0.828507466355413, 0.17913322289491274]
[-0.3338230734361005, 0.09659475148033303, 0.9486719824849245]
[-0.9599754014122097, 0.5010432845776225, 0.8987446505578618]
[0.5009439219161782, 0.24583608464865403, 0.6441415741292265]
[-0.0928214857059082, 0.7809860488595798, 0.5205221498323942]
[0.1256920360325693, 0.17840520594981457, 0.3635701937854712]
[0.7661697773263683, 0.6083166661458107, 0.48276842099436723]
[-0.21275112308810762, 0.8162033187601087, 0.704757168594216]
[0.6390254334025744, 0.9485503351491309, 0.642620773177236]
[-0.8168921292878251, 0.8533728416647811, 0.4713966833847828]
[-0.9901951207919684, 0.7487910007164913, 0.22677641801540682]
[-0.446108410613562, 0.530340069027316, 0.18227667507949763]
[-0.8394240255670222, 0.21030727334893085, 0.44522523806114056]
[0.9243118555256771, 0.9963457878015285, 0.6821373547049547]
[-0.29044024866182006, 0.17892043816039127, 0.8712815575681502]
[0.6182406449381055, 0.1904928006346287, 0.12049936551025542]
[0.6735735897987858, 0.859285720899158, 0.45056013713914844]
[-0.06175461165374063, 0.22190371137066567, 0.9553788173842261]
[0.5811354199022152, 0.919716997709838, 0.2050542345971329]
[0.5468795326924707, 0.19006958213436242, 0.3451921143622768]
[0.560844213479406, 0.9677361221104664, 0.8092541754310494]
[0.8286217350962954, 0.7318311288966476, 0.5728471319982896]
[-0.06120124402884408, 0.003187447326109316, 0.8288486898917039]
[0.25614802033915485, 0.9901485124315977, 0.9850934688942491]
[0.8441419272749071, 0.18301893785124101, 0.6204305001396543]
[-0.38163571748863756, 0.19954783659755815, 0.3522599362691894]
[0.5429144847501852, 0.8524583723231055, 0.46927653713816986]
[0.5579963346780072, 0.6510800323189271, 0.31533101889585613]
[0.23363677370666358, 0.5922685668153151, 0.13513621728308478]
[0.4141082235305995, 0.986315439462393, 0.21692325542160662]
[-0.41204118838165615, 0.07509066564959321, 0.7841955535671309]
[0.7257535967822053, 0.2759739842262534, 0.780903275370539]
[-0.2189296722263634, 0.9377872811257988, 0.04858993015525592]
[0.7000343824812325, 0.04228500684275849, 0.28888299309586496]
[0.47918116035328784, 0.48781535941720033, 0.5572907651869605]
[-0.07160190276247502, 0.09609217381993929, 0.900014877941788]
[-0.5860083317661628, 0.38115576523912853, 0.05825439610943062]
[-0.018729204688364032, 0.5807762010747888, 0.7693693994285228]
[-0.7875288147102495, 0.9636603255969242, 0.7261788363887388]
[0.685744889092665, 0.4691371347104063, 0.9217012414098865]
[0.37640259186448843, 0.5521700012212025, 0.7493030041395861]
[0.15976974854446802, 0.8568015010837128, 0.4810007177424922]
[-0.0814128089154047, 0.671432906201628, 0.3636768343375504]
[0.5781481778887929, 0.2643926738813248, 0.43868441624721355]
[0.17339130445344297, 0.0056718252160252725, 0.32028042939005896]
[-0.4129960360482594, 0.9419590045479745, 0.5143237230878603]
[-0.7502183101224484, 0.4579129055701704, 0.2796321544083237]
[-0.4396492125356428, 0.5436178893105922, 0.5829138685416773]
[0.9990114619810582, 0.2743637129223164, 0.09460852499073358]
[0.7249454892269753, 0.010945147784023335, 0.7260587636764092]
[0.2706098951496787, 0.7007565913511898, 0.30799818573889304]
[-0.16932940144244157, 0.16008589599802292, 0.2046801715850839]
[-0.7959036355661107, 0.9295146708463216, 0.0017148192333603651]
[0.20590325725882597, 0.26783383616392475, 0.7774952995401798]
[0.5995726414697249, 0.21555802227624854, 0.9250936261034998]
[0.3757093640264999, 0.5018687286566632, 0.4254413758970209]
[-0.231451654767167, 0.816513313700847, 0.5340031855101633]
[0.2910832070395928, 0.4992724786767403, 0.15747305094292896]
[0.7948399937789816, 0.8282385919434827, 0.5060328160254586]
[-0.18035379762974202, 0.22531655353084767, 0.537207032790706]
[-0.4498003281029157, 0.3596125297146686, 0.5050707283176488]
[-0.8191409259836808, 0.3852792950659568, 0.5255487741100666]
[0.6821659753827216, 0.31776002666334746, 0.3298233006159833]
[-0.3491378916031562, 0.8605303827875697, 0.2854567352589952]
[0.07104151635227995, 0.6356542155226867, 0.19393991039823721]
[-0.09667881160981118, 0.5575260550865573, 0.8305967134735533]
[0.7845134113290826, 0.9233377389899807, 0.3572096152082196]
[0.30819364510402214, 0.19178708241701392, 0.9488861936999033]
[-0.8057582215365242, 0.2339308110845526, 0.6366441582578831]
[0.43622438450589596, 0.9846180640089162, 0.036730766674181625]
[0.5017837959283282, 0.27680860320220013, 0.6535957737890605]
[0.0700349374564313, 0.3105801471374158, 0.03580644439104819]
[-0.6201038419667302, 0.7738884373963157, 0.7569188514849463]
[0.7029983701916378, 0.29679080239205036, 0.7656391547784019]
[-0.6381070900572869, 0.06086798544535588, 0.0009057819367218611]
[0.5938124779657961, 0.23258072438941013, 0.5872303809071374]
[-0.6400300545098296, 0.1017483176844145, 0.03540387240761256]
[-0.9436513015634078, 0.023374064703609476, 0.6905936110992972]
[-0.04595919298573725, 0.40457801812190997, 0.8351324131062776]
[-0.13078406598260583, 0.990694651946961, 0.830005213439666]
[0.23880056114303327, 0.43619780714761924, 0.8673107501948061]
[-0.1852084572062258, 0.7514312543817832, 0.5368157177811212]
[0.2737754973708644, 0.6375944479291499, 0.6027196633922723]
[-0.6669863482513425, 0.5082332173083615, 0.3790431831700113]
[0.5046082367635087, 0.8256263605609068, 0.21197841756592806]
[-0.4956008104823104, 0.7952202631277088, 0.9478723197768784]
[0.9693642052541507, 0.7066002130254581, 0.9745960462094483]
[0.7592251380021491, 0.38011808020065874, 0.6187697568325885]
[-0.8217291412157424, 0.7644907161203516, 0.5210957593740969]
[0.5031324456399586, 0.32869011509676416, 0.13174238598979238]
[0.004798295102755423, 0.6288244832603538, 0.27243475924357663]
[0.24190423540485595, 0.06962476100091053, 0.50186118910278]
[-0.711533813845995, 0.16895572143173232, 0.0359423398834503]
[-0.3817414021970702, 0.1960671709955234, 0.45886315373776154]
[-0.25934136114119277, 0.28981229923099217, 0.3786204599493387]
[0.5514200397779803, 0.4307209042367286, 0.3253092040279658]
[0.7161335823108184, 0.7775757124296769, 0.9751615526197935]
[0.05914914207160682, 0.26095049492870126, 0.8014957173753582]
[0.27358969333456473, 0.7889543313379369, 0.48762751088780665]
[0.777569190728052, 0.1897846450676527, 0.7541596126290588]
[0.27843110692371353, 0.08127218097947775, 0.04821099913066984]
[-0.6431474171833549, 0.7179010283710022, 0.030725223990014094]
[-0.8097513421985914, 0.0854883218365744, 0.038950315891849496]
[-0.7572693081075628, 0.4813709849654111, 0.13545042448768074]
[0.7496860753759644, 0.6057493051335893, 0.23316752729619838]
[0.7687017087082078, 0.4700966736491642, 0.45603420480105505]
[-0.7521332502917968, 0.16736747412795694, 0.9819561569167279]
[-0.7702508312924214, 0.29801939432153923, 0.660771235665686]
[0.8414672479119072, 0.922951073343157, 0.4711001718129195]
[-0.581194353921811, 0.7761093966267747, 0.010373967264735384]
[0.0648499940200915, 0.8884265499681573, 0.7265740197528474]
[-0.9880460672560372, 0.8722798182930118, 0.2629807631811265]
[0.5895643701746494, 0.940585835506903, 0.4887480933651668]
[0.29643878654556866, 0.3046476715899952, 0.6746015387867543]
[-0.44752510047537664, 0.2696310893278915, 0.7710537199978952]
[-0.9489376281788955, 0.7874553003299956, 0.27123352220854036]
[-0.42409097948925734, 0.2451416523331944, 0.06508971364431149]
[0.07582593010882865, 0.34241702470998014, 0.1426377868883547]
[0.8446733737230996, 0.5014173875253639, 0.4522407602373595]
[-0.7967223283325584, 0.6865910902076937, 0.16148548210143465]
[0.3167178537412012, 0.38420134483537094, 0.33776024954622186]
[0.7987550183796412, 0.48776638450679755, 0.408029657287621]
[-0.004094640014779438, 0.035694403666997276, 0.6668598541156844]
[0.12095637423514849, 0.06422581397706417, 0.6851242111976267]
[-0.19632761952884792, 0.12982488216843302, 0.7530352998998209]
[-0.41044204997622047, 0.40634439509945164, 0.25681312001543]
[0.8292239483469448, 0.19002086705623322, 0.7745213965564578]
[0.020841154594452682, 0.5030308794980146, 0.7796707019996375]
[0.2713521936526282, 0.844452204366876, 0.0670724123994676]
[-0.8746071187682731, 0.8462938463882246, 0.6279919358090464]
[0.5718219982507884, 0.4324778028375016, 0.36244579144937406]
[-0.2637551530351847, 0.6670115944450878, 0.34895902970533843]
[0.5101448562320461, 0.40561617445244746, 0.19519244679211978]
[0.7598938595033713, 0.4224043427070223, 0.41937262135450915]
[-0.11724821445870548, 0.7605250290087905, 0.8574218710460415]
[0.8549212666028401, 0.2709004264528221, 0.8782911145523338]
[0.23141519625188578, 0.5592180864530273, 0.4279871223884617]
[0.1982079593975774, 0.18061737544349676, 0.41057039093061676]
[0.5649898869565018, 0.23464900442241043, 0.10565085127033602]
[-0.22545746304302283, 0.27912775765984066, 0.9584047635163349]
[0.7500471112532505, 0.4034947268362501, 0.814551008326236]
[0.3799399219271822, 0.9890545503892121, 0.556241037859729]
[-0.3167297803799707, 0.7751642125828041, 0.6665552262141184]
[0.3034660577509698, 0.582922055021968, 0.7933327744367455]
[-0.44099996421008325, 0.10156296134388398, 0.7041600734787329]
[-0.288399745155441, 0.9501208567884564, 0.12564648032956227]
[0.26280723851699195, 0.4489316506251221, 0.2574571785845915]
[0.8388752087897444, 0.4925095834999047, 0.29021495135083986]
[0.9111454720388463, 0.14613294225013596, 0.08281022043912123]
[0.9697088464349362, 0.5618551548177768, 0.7347966860359125]
[0.19090857517458293, 0.8150919383405316, 0.2898632532408194]
[-0.9662690746505396, 0.7655964446645753, 0.32953757574625353]
[0.3466327028587859, 0.47901136192065996, 0.7557323928923231]
[0.8187332637333475, 0.8761812866609194, 0.23524783643701708]
[0.8617013441304551, 0.850548380224172, 0.973989996831546]
[-0.5863843407499032, 0.6116819186134946, 0.5507186091072082]
[0.8456157821836929, 0.7525092338198245, 0.3227119036731315]
[-0.582574594156019, 0.6853655451970141, 0.292840159410353]
[0.45315151595383285, 0.26920084817102585, 0.8487535978201382]
[-0.2009397503385446, 0.4711658289689754, 0.616079994300343]
[0.8054044784686747, 0.5300987681755506, 0.32691204235542093]
[0.02357097775053596, 0.20963723004299595, 0.6627764330132272]
[-0.72288371876316, 0.5368117318214592, 0.8269066970170902]
[-0.8869918300664559, 0.9205485567928569, 0.7842041875713814]
[-0.2078186174458314, 0.25920720502659833, 0.12034383282243899]
[-0.30225739274815777, 0.38556689522763166, 0.7494231774995218]
[-0.03513541404953413, 0.5010192375414437, 0.5486878787818235]
[-0.12007783116549642, 0.2054420527796572, 0.8517450490180785]
[-0.9340617290166668, 0.9002871585562208, 0.43777735746682456]
[-0.40715381826820973, 0.5008272906082096, 0.1394968466763895]
[0.2683572540481447, 0.12708035684997998, 0.8021651119781276]
[-0.14836604510968288, 0.1733780894149375, 0.4171366693681352]
[0.11239149902196277, 0.5076421650935145, 0.26223727720304735]
[0.5214095742976985, 0.8730977460487496, 0.560283747711833]
[0.2658274887979739, 0.860018118059027, 0.8942494392622823]
[-0.9134016806648109, 0.4730563747415324, 0.14811351004847972]
[0.965016077240255, 0.6639257448826145, 0.8021243447000813]
[0.1021700286185685, 0.0739689988270904, 0.7907220948614143]
[-0.2286533708636831, 0.5124748895474368, 0.5470789502869748]
[0.5961032921848364, 0.6866674441111522, 0.4239659860074261]
[0.30397436919146603, 0.3562799278849431, 0.4361675302645087]
[-0.7836065886216375, 0.3529231242919084, 0.8575892702963996]
[-0.4412315782504257, 0.323088252138115, 0.4679040282706728]
[0.775916139171549, 0.3234635746823069, 0.22785237009068438]
[0.22105086723864953, 0.32929981571252287, 0.079818504724806]
[0.18233343108147682, 0.9898318021919076, 0.5159996412182674]
[0.5486571451755562, 0.3332898143873382, 0.5358683775943581]
[-0.15290930802341163, 0.7624677128578184, 0.9879975508675374]
[0.6595422095196144, 0.8979622638300039, 0.7775803957314344]
[0.5607416154488423, 0.6841041001921576, 0.6366752349548366]
[0.4674839800302093, 0.7861962373225491, 0.43252221827180615]
[-0.6884040248844547, 0.34944146088816996, 0.8909558888299085]
[0.12694327220728652, 0.6723062466407427, 0.5497845334414955]
[-0.811944637922134, 0.07194525304939492, 0.5298041963313987]
[-0.24817159520817333, 0.28700730178061207, 0.831349124572716]
[-0.26652784609999225, 0.5417562471464635, 0.5379298888868798]
[0.14644666608227985, 0.3598189744235314, 0.3347667658861575]
[0.9844681338914216, 0.5821609600078401, 0.8897098529742431]
[-0.8423312793532551, 0.32665579636773767, 0.32011361325454113]
[-0.2992766603399293, 0.26656657211909207, 0.36538403384122464]
[0.9768203890546474, 0.006949899325017439, 0.5249097506816941]
[-0.31075119238802307, 0.5769009949578399, 0.6020208724397174]
[0.30827243454288755, 0.5679812500490453, 0.26452262730743836]
[-0.4022263840157887, 0.18698264637005546, 0.38387717838595137]
[-0.1981962591093025, 0.6712607099050238, 0.3392217237618056]
[-0.39834158088726546, 0.3224242641569238, 0.45537844605722133]
[-0.6293389328516363, 0.14650421957841986, 0.571172559356646]
[-0.34316265812089775, 0.5053436979447804, 0.6985606233535433]
[0.6448560561075962, 0.8188855701257844, 0.2126755920069443]
[-0.17566325812719485, 0.09420795053683961, 0.6252798204302178]
[-0.9294329145567979, 0.8959356872994174, 0.620525879188356]
[0.2950335927463188, 0.9352450567453515, 0.9072269566180983]
[0.4310157291611114, 0.007758037428267639, 0.7236620243232791]
[-0.955039722003203, 0.6420953063654191, 0.8104285002492524]
[-0.8680017336532473, 0.7856845968844117, 0.19956373086848067]
[0.705930072091902, 0.600725606704272, 0.06487575248022326]
[0.6608286411887061, 0.27163797533533274, 0.7385674504289671]
[0.22252919397221738, 0.8514755741704618, 0.8420113440591402]
[0.9575432756003484, 0.5411888306649727, 0.6617915576504271]
[0.8490565371383012, 0.9126372385029771, 0.7444013366922827]
[0.6363093523770396, 0.9832771090603298, 0.26090027579125763]
[0.9129053101933529, 0.8579204386399549, 0.5935702281752675]
[0.5488978920095446, 0.8504886166890108, 0.7800367646100712]
[-0.32132711138930303, 0.9191470360110747, 0.35886717773120846]
[0.4036409527101079, 0.7368136555964976, 0.928254003655299]
[0.04292616439222363, 0.7166659082972487, 0.44183374876017745]
[0.1845351660780543, 0.45835070407794687, 0.8528212996634236]
[-0.6638183987064923, 0.8013761672817764, 0.6249845651778007]
[-0.3852900721092636, 0.5865259025535341, 0.3793035452726764]
[0.7620630945706066, 0.5827004848515563, 0.9245787905334395]
[0.7127495281512768, 0.9508184244462622, 0.7160744793536694]
[-0.2936781836098774, 0.16481445786580706, 0.6612533036071695]
[-0.15984012821248328, 0.707451088213666, 0.41309850253810143]
[-0.6157714457474786, 0.5773148104165602, 0.550705663829191]
[0.09233115736132791, 0.09492394153012118, 0.9875016745717554]
[0.6989450913924886, 0.5604624291127824, 0.7734025069966962]
[0.6929836780258549, 0.20108025610750624, 0.12574109818463908]
[0.8571915923256019, 0.8634960146437134, 0.5125033986455829]
[-0.4474004178814428, 0.9481731933944328, 0.7355210137621275]
[0.5932182551128975, 0.30996104730340024, 0.6935726752813233]
[0.4964039465126522, 0.11234247963115673, 0.8767239636842902]
[-0.43367533292201, 0.28271510382583986, 0.04467648217421838]
[-0.16235348912155212, 0.30106808468013235, 0.5677674101910248]
[-0.8161063781097477, 0.27488642849636813, 0.14264377468537048]
[0.36340919977820585, 0.40358736515477955, 0.8396770904884916]
[0.07925071636584202, 0.6570984345806475, 0.7747139836339956]
[-0.758716334235306, 0.6267168377326418, 0.7318799324512933]
[0.7934490342650082, 0.07127475700703667, 0.5329173130112074]
[-0.6240248219034776, 0.05551614254255999, 0.2156209305019836]
[-0.24394776418621178, 0.7340356961468734, 0.8340360681233349]
[-0.4402377030972815, 0.3584790139500095, 0.28092491149936105]
[-0.09018090060682304, 0.9975387488894767, 0.763784862996907]
[-0.09344949500669819, 0.5746776208294585, 0.15977308608647656]
[0.20146654927770768, 0.34646479769484273, 0.9783959704534919]
[-0.9314021000390988, 0.11922541690220101, 0.2394255728814072]
[0.43037727746203114, 0.07655403905376668, 0.5650398218984951]
[-0.681374298434015, 0.5721325739365049, 0.877988518714557]
[0.06525691138622425, 0.27930177108851784, 0.9758827747131474]
[0.8447197130888506, 0.20106707418038805, 0.001744858958914297]
[-0.8390210967398204, 0.7706395051153233, 0.930408165516252]
[0.047119224636724244, 0.25488125527806427, 0.1066214730715267]
[0.08724853523556253, 0.6871289926898025, 0.9517506110525653]
[0.8345283339841099, 0.6288040087950822, 0.15936110558168826]
[-0.01783883783939788, 0.3327399793273168, 0.06899560084250211]
[0.0413756842839883, 0.21335488559646765, 0.3267610170021993]
[-0.3160150135044135, 0.5175230456170137, 0.18228278428437772]
[0.8097038621163226, 0.0804587720972677, 0.26495628844452845]
[-0.15398193096978896, 0.1782640877892413, 0.921797896813271]
[-0.8494843836720645, 0.44380121513740856, 0.6076591698288665]
[-0.20581551705744094, 0.4040332064745873, 0.3150590212586083]
[0.37333954664392976, 0.8173647050171874, 0.8185370784949416]
[0.9819774918148529, 0.7417112953744489, 0.328564834258507]
[0.07975473843012848, 0.9686265375357972, 0.6732387392186369]
[0.9470336307684342, 0.5453579933865695, 0.19406653476004576]
[-0.18554273754508954, 0.9602952059355154, 0.18405642200245376]
[-0.18830596185942383, 0.18506433284191204, 0.2166533937747721]
[0.08910053282181263, 0.7044793274421225, 0.07009931350784349]
[0.1341407646808499, 0.9897906939594749, 0.9443937213506693]
[-0.8977355894022794, 0.21221317601026624, 0.8345672494551728]
[-0.40846574285064974, 0.9722002294941965, 0.6315624283543222]
[0.6609352727209112, 0.2610059547229917, 0.8479163328758409]
[-0.41194115890709204, 0.5386266309040478, 0.279943036234635]
[0.6688338162849907, 0.25520932478030744, 0.8622849865255879]
[-0.5252760678123458, 0.6782814360376597, 0.3886887669174671]
[0.40294240184778496, 0.43569324661745035, 0.8523081455342636]
[0.25325609967197993, 0.010999539172332762, 0.2488133160696897]
[-0.8802349153465774, 0.8849637567990629, 0.6575795031268767]
[0.6156634581257636, 0.2019585059059481, 0.06403081018929158]
[-0.6315807984846096, 0.8538450166388604, 0.9415612000736316]
[-0.24977312598067258, 0.7685303232410257, 0.8012542316177812]
[0.4416131775462897, 0.7334210350025111, 0.7412232358372973]
[0.8485465187704864, 0.727587733237354, 0.06305415058712072]
[0.44464392042151313, 0.6232769910233387, 0.6184576089184235]
[-0.6257983002081469, 0.2958439038044961, 0.6023772726715897]
[0.19903489007050346, 0.21854326156752257, 0.05157833396969458]
[0.24216996533449442, 0.2962699354566012, 0.11517396204714103]
[-0.33078294806384023, 0.11194701269978147, 0.7939632241991046]
[0.19404916857054366, 0.9165532534311692, 0.9933046551550517]
[-0.2750754155361397, 0.6028874696366286, 0.3463623615101894]
[-0.5157606393528207, 0.9834417965400414, 0.3128637970166305]
[-0.44565472332651446, 0.6836487360259141, 0.2493683957155487]
[-0.9044099101076206, 0.7675249980184218, 0.20445488511078103]
[-0.3725424461178335, 0.5131216044352678, 0.4183311010034487]
[-0.6948381013984384, 0.03768701511798778, 0.223398692225382]
[-0.58452469835957, 0.34445622220340344, 0.0909973546761742]
[0.5956741492436606, 0.4724563664381961, 0.37051495266285817]
[0.7758764154732998, 0.5982256333660559, 0.7413604510436239]
[0.98277465663446, 0.559417351356444, 0.05970633731800057]
[0.03411244700291616, 0.7288336268108689, 0.2842383763266293]
[0.05600544305787891, 0.7300114804347033, 0.38180236322078975]
[-0.07446489116843336, 0.07689488373855446, 0.5362270074594185]
[-0.12195945910819406, 0.778074876325406, 0.5348448360174497]
[0.771739061741078, 0.4414707681980441, 0.8887143021981742]
[-0.4269208695719573, 0.69509516141929, 0.10693208402578747]
[0.5934319711041469, 0.48687049655913484, 0.07032605878788034]
[-0.31054405054583545, 0.8018810201317086, 0.2149905207910061]
[-0.02759234220803819, 0.4469604800672219, 0.27477422022512843]
[0.5546164726523448, 0.11348789260561187, 0.2486563629395263]
[0.8593298106693898, 0.953844845877658, 0.9893718022020402]
[-0.18656985223665856, 0.5068673649031445, 0.25702460902370916]
[-0.158500119594285, 0.5681540771773734, 0.9669130466184558]
[-0.4753675909184234, 0.044787029708834525, 0.620237610129091]
[0.38495094942851105, 0.182329351841794, 0.0057026760083104255]
[0.49042435513043503, 0.07579962966314602, 0.18973008172065087]
[0.4345389763930583, 0.22903441636885713, 0.5897849430426686]
[-0.9552787476555813, 0.6028290850671916, 0.24185458893008605]
[-0.9525175456082691, 0.945604412407458, 0.5170309639836529]
[-0.3422526697832995, 0.2181682989045698, 0.9970528975771081]
[0.4780210043377038, 0.0917718487291731, 0.4357779438202992]
[0.9416298547420496, 0.6494827753170844, 0.9599175350313383]
[0.13087657872718816, 0.4644724852671934, 0.526351879956247]
[-0.2022755821899742, 0.5043152742909368, 0.34841109447334073]
[0.46563498277822446, 0.33263406685275476, 0.13062714194636482]
[0.032577720135085864, 0.507501795329042, 0.27053296593670695]
[-0.825260549843482, 0.9268016592257738, 0.818359686286601]
[-0.9316307465782203, 0.2625620662150647, 0.8831293464685323]
[-0.6256889812157933, 0.7034180285805799, 0.9180572031588303]
[-0.7749692103792389, 0.2363506283451694, 0.3440018350258105]
[0.5543453581625544, 0.6984413767391152, 0.3371988841724537]
[-0.7206975342158963, 0.6066941935070908, 0.3409535246107631]
[-0.9787724642481528, 0.9276276308573543, 0.8203372128164046]
[0.050235814416311975, 0.37025133579551794, 0.9703517903912803]
[0.5406096638531357, 0.20248833329817684, 0.3521462222365713]
[0.7655578597500345, 0.5200755055292156, 0.8408077376260575]
[-0.8152972438917923, 0.7254746983132149, 0.19228539386185706]
[0.42672242598405474, 0.7904244984127455, 0.7817063827810496]
[-0.9538222899444215, 0.7078999145510159, 0.9845342895829616]
[0.8792384701482348, 0.6646595703819106, 0.12345633279005985]
[0.8906576699304658, 0.2837322950804506, 0.5455958557166597]
[-0.60215317879959, 0.10463658097232997, 0.14929740891945287]
[0.9012894751750988, 0.8186304861982258, 0.4633738840337692]
[-0.33529010877742893, 0.2673442272966947, 0.23652161033774532]
[0.8949305832316201, 0.5705863463031623, 0.8991694910118455]
[-0.971925239117774, 0.3749395583608518, 0.8282453214352723]
[0.7891110887939747, 0.3222041650814973, 0.37905468362188843]
[0.4203841858391164, 0.7466742930880561, 0.3785773423919472]
[-0.5188246382063681, 0.8263706398831575, 0.07706791236228283]
[0.7327597910717536, 0.6727406701514631, 0.8274493067082426]
[0.5000288058291322, 0.3727192360623167, 0.2353885260724633]
[0.8483382519947762, 0.2660447854846122, 0.400544785001662]
[-0.15163231856667858, 0.6038131768321336, 0.7540697744799603]
[-0.046801805822872744, 0.4848722338722178, 0.43601104567243965]
[-0.6657990488166663, 0.07498779450842408, 0.9550273394788091]
[-0.9773577581950177, 0.5578744778586591, 0.7239614539387789]
[-0.907393199610965, 0.5531905659913151, 0.35692602392670736]
[-0.11387912575074255, 0.6942533022684158, 0.688781674213391]
[0.3206616602233938, 0.4550951442683696, 0.9929458288946479]
[-0.7551636139830948, 0.1253073389007512, 0.4688358131713395]
[-0.6880654982259455, 0.8553866072574231, 0.09866141990696797]
[-0.9933656035012863, 0.7305553863533688, 0.5276453599602424]
[-0.016725117584251104, 0.36978074413166073, 0.9538802883700872]
[0.5975298822534156, 0.14623332154503377, 0.519529435027076]
[-0.22606198991303939, 0.2490305939855817, 0.34154344423773364]
[0.7495994803113384, 0.9759822819459277, 0.7721700169851599]
[-0.7452074305544363, 0.5961574112745062, 0.887217213086086]
[-0.562828490195016, 0.18876278868558105, 0.3789507421560725]
[0.8349671566582508, 0.9921926119807126, 0.8772371424840647]
[-0.628075032376826, 0.20763153758053055, 0.21533711440084213]
[0.020515108474275845, 0.33701587831292323, 0.0729827512629262]
[0.6745321427831295, 0.14968947880153127, 0.3004262743816152]
[-0.41048629398556, 0.19589499864605575, 0.1741202819318196]
[-0.35792095950466485, 0.8979721042488845, 0.3623071801644101]
[0.22056311121099137, 0.3551290072176242, 0.6056125689560787]
[0.21481794921225394, 0.32934656523777817, 0.587838528188411]
[0.33697908012945055, 0.42186098810335804, 0.4688266400129406]
[-0.14720172001201215, 0.6392454802186603, 0.08158944494546683]
[-0.27221480263037967, 0.11648125002514886, 0.8265523875136338]
[0.4638250337501122, 0.3046636588145616, 0.2210830438100152]
[-0.6726147783114538, 0.8860187903467096, 0.7099503809550227]
[0.2647776301653597, 0.635321444556476, 0.5542682903487254]
[-0.18453697930047785, 0.6979809603810361, 0.46991355016319025]
[-0.15789306998357877, 0.2371002983596896, 0.8341564523279761]
[0.3816632048540498, 0.914034121317485, 0.7977982943165106]
[-0.6862833101010983, 0.7243093496530391, 0.057122402265359584]
[0.5648604386352107, 0.9769943877127999, 0.011260754234724613]
[0.6542260734182095, 0.5751361533703876, 0.49217292145200753]
[-0.13577002235122348, 0.48470504064215003, 0.7358638644768477]
[-0.5236646441306325, 0.18958252791339403, 0.2965647841253539]
[0.6455904390831568, 0.4922731675093104, 0.28446916980651427]
[0.25143246861425284, 0.048812917504196585, 0.5773214335375764]
[0.012392920300554167, 0.043693119660861535, 0.43645703850918216]
[0.20917658464038547, 0.1636645262880787, 0.2267534867269244]
[0.981633339487846, 0.29085573169824663, 0.7753437715737806]
[-0.9499044868986637, 0.4383898111020903, 0.001294584869636739]
[0.5591761931728079, 0.5701129671331038, 0.7407095388110772]
[0.9490722060615604, 0.954121798776995, 0.7474783845285421]
[0.59784848812265, 0.33352135459305843, 0.3745733760585208]
[-0.9261906390493757, 0.9262842584136504, 0.9405511685315311]
[-0.4169454663287653, 0.6272311635714157, 0.39126035381948054]
[-0.10934546763569286, 0.6875435440194794, 0.007707747074755189]
[0.45895107267303725, 0.7342060883812667, 0.33450814817254504]
[-0.3417485610779949, 0.8836189211049077, 0.8824810212709984]
[0.2810599629070245, 0.3588150493420441, 0.9500671469686333]
[-0.21222920181546479, 0.6587085911360614, 0.5519733368541649]
[-0.18737368230715234, 0.4153909289117348, 0.5855799767291648]
[0.6964765527886654, 0.4089955728531325, 0.8229953304328027]
[-0.43763552761558233, 0.3377607830226601, 0.06284837760032425]
[0.03628304952271577, 0.8984348465337045, 0.8996040543888647]
[-0.6896546371697567, 0.11922181643163265, 0.30725484035989203]
[-0.06707402250085304, 0.754131204526866, 0.3617668825049033]
[-0.3096579673208535, 0.9539647274807315, 0.27525943012089016]
[0.5993700867117391, 0.022772225465200746, 0.3276009658913578]
[0.15367273770449952, 0.8689544030661681, 0.39286160004269677]
[0.6711448814092589, 0.27355133874023696, 0.583890445948816]
[-0.457551382361598, 0.74879089324395, 0.5603003445957744]
[0.49540559138259166, 0.9940439072032322, 0.07711285490450215]
[-0.5954765265687756, 0.673764417220824, 0.12337629317998]
[0.44888319392825804, 0.2436182412162663, 0.21542862883580027]
[0.22511687084703236, 0.7696672996309618, 0.1964932924109215]
[0.6644261804636045, 0.2401911652447818, 0.7010222202808056]
[0.12101960137258061, 0.7895368947483304, 0.9842467287803649]
[0.9200358402593054, 0.897606854890822, 0.30043144743377526]
[-0.08970865469175893, 0.1311880422889412, 0.7673668355050944]
[0.42901317285496354, 0.22757895456239963, 0.9213698055096455]
[-0.06149500981021827, 0.8161066152032691, 0.11349031086525152]
[0.5254016249219218, 0.14989226666429034, 0.0419438131819212]
[0.9690766271064866, 0.2046836975493903, 0.375815704871146]
[0.1048592288771093, 0.72797071574278, 0.140752771347051]
[0.49678331029739375, 0.906432179116534, 0.6729022883099922]
[-0.8242403905940905, 0.7849840392236069, 0.7433143856885068]
[-0.04293203292435632, 0.16846273976230253, 0.23257132899833377]
[-0.4670312150296878, 0.9181953132352131, 0.7716906072172172]
[-0.08596337718608127, 0.20890033882648817, 0.4785529124911614]
[0.7907960239159149, 0.09764989119252376, 0.7137331350914948]
[0.032677721427752715, 0.2130664787565365, 0.42889131518937285]
[-0.5707954016112953, 0.15189270305906466, 0.6344228717978472]
[-0.8831616070210435, 0.4877323867395589, 0.8539432101800711]
[0.5149544878408316, 0.936983152254702, 0.4151444092841624]
[0.9570971721113632, 0.39604929094253183, 0.5980940632026]
[0.5353319803188346, 0.4827728588876201, 0.5885452942995646]
[0.1772381171878854, 0.4328848439827132, 0.3111479613811572]
[-0.06140170793862487, 0.17293182707603305, 0.37767886381293325]
[-0.08695520043643734, 0.10043088204698947, 0.052260216822299865]
[0.27560456456003735, 0.6048192542532453, 0.612838107300324]
[0.053613429784247435, 0.8676603390029188, 0.0553136339522895]
[0.36275550114316935, 0.19989071704285188, 0.6649934677792874]
[0.47475335782263817, 0.18777165375441707, 0.4815503994241581]
[-0.7315229537183958, 0.16911999555205115, 0.12453792906161443]
[-0.05166875577566743, 0.022969838406993737, 0.3869279555449894]
[0.46881483767928445, 0.43311620926739425, 0.41252524739563934]
[-0.9831780437460271, 0.3704522551481789, 0.49445371717798126]
[-0.012283220760472169, 0.48356787209902896, 0.061463532047498104]
[-0.5578555429377385, 0.7679260372748344, 0.4164195757247071]
[0.7656273599315937, 0.7596240421974451, 0.8653061760982279]
[0.13306405190008674, 0.08316350010691875, 0.9955358533320562]
[0.4317806296367648, 0.6057913691610567, 0.37728919662616156]
[-0.8730743825486067, 0.9919441088394576, 0.4450176668080904]
[0.2402827038023645, 0.4338266129003644, 0.5869233364076086]
[-0.09232780327686418, 0.25171479412106723, 0.14412334535305205]
[-0.7190572144001699, 0.2951231889563013, 0.1462512551943248]
[0.5603857729066948, 0.37436729385548606, 0.39193625057956183]
[-0.22356557654771403, 0.4029886160891515, 0.4322356939727937]
[-0.4632083423071105, 0.00802552448260252, 0.16259728320426603]
[0.9065631864449786, 0.0380083351738828, 0.3274382792270677]
[-0.8108453995014713, 0.3506630161851336, 0.9027455555870172]
[-0.38255947012264957, 0.6206082311118772, 0.026093432877428047]
[0.8789720828100385, 0.5705568127266072, 0.9329781529849973]
[0.004762451658838929, 0.9075535311072375, 0.21742560670704303]
[-0.31237096765870476, 0.32718223862032014, 0.9216507733534942]
[-0.9834169660900747, 0.9928427715628119, 0.4454022620323811]
[0.1715000588404847, 0.8768312205403569, 0.04436203003306105]
[-0.47292848773826157, 0.09784485657169073, 0.7133471534887788]
[0.3747552335332256, 0.21497341655075541, 0.5749230738764656]
[0.6854738750101477, 0.4337941034402011, 0.1291345723732601]
[-0.5800102440624895, 0.41181831992965345, 0.6103579361375133]
[-0.5384287759782036, 0.7595016497791132, 0.5602159928554936]
[-0.12266986834016347, 0.8084368364389535, 0.194994364551192]
[-0.6087052552817191, 0.05163370790640365, 0.8385496050436981]
[-0.9001646345095062, 0.6574236736344343, 0.40601128341244774]
[0.6955675620231843, 0.8275932579164617, 0.8365621958256658]
[0.7922658558533751, 0.5352795599437727, 0.2878355112304769]
[0.025188093724679783, 0.15340677122000446, 0.29910682151082657]
[0.4945921298364666, 0.3985517895219872, 0.8977570924185514]
[0.42176528643674915, 0.19127129087173556, 0.4399975538046965]
[-0.25685540058558565, 0.9274715059542277, 0.2851858657192753]
[-0.9520856534442439, 0.9430719672288258, 0.9278296182734497]
[0.29809592087632364, 0.570241168457473, 0.39000232706331217]
[-0.6550206544509254, 0.6212911080190162, 0.671566736587882]
[-0.3133241439356269, 0.6439113694061048, 0.3556783016883084]
[-0.49458661468276777, 0.45158632798616605, 0.135298108272211]
[0.5715207951305636, 0.5586711062004518, 0.8891899464764363]
[0.9384869870817119, 0.1891006596464202, 0.9767738676681605]
[-0.06088758669494543, 0.42317746252515387, 0.21505414467081352]
[0.4183158940640188, 0.7909662558074806, 0.9691969427705707]
[-0.39692768532059164, 0.24296773975933605, 0.524689114589467]
[0.6152181980774529, 0.6335038153734633, 0.30992987231943736]
[0.47139218879809963, 0.4561600196461112, 0.5668661125304241]
[-0.9029647125506799, 0.4766570928113597, 0.8074038817023679]
[-0.6800571764824077, 0.5942220656562324, 0.8406924681682894]
[-0.7491754752063511, 0.7514991511400727, 0.24838722940090419]
[-0.3544075172231469, 0.5958161314145218, 0.28967188596398596]
[-0.3126629974426316, 0.6409402799887021, 0.8632182077599495]
[-0.5073459434512335, 0.579250001691016, 0.8870808144191192]
[-0.009929787067745721, 0.9952064401631247, 0.22281778921440043]
[0.49283492306734855, 0.13368702685460365, 0.5088579982256639]
[-0.4521693204926085, 0.1299735459914676, 0.3552360446984614]
[0.8517319329436988, 0.9078813278843403, 0.5409221492641684]
[0.8914566001198536, 0.355992961763824, 0.6598169133759699]
[0.6323854111658638, 0.5221125249090429, 0.14180703586715582]
[-0.5635626855908409, 0.6328962352643889, 0.8323040276205688]
[0.7420520288402863, 0.2883015779808844, 0.0116777115774791]
[0.23782807121370197, 0.4962813281821713, 0.2247338032062709]
[0.6779756100168519, 0.2716709745033684, 0.41824144007446296]
[0.33006780301161154, 0.3466252676840432, 0.9170508333531159]
[0.36978496311853215, 0.6367806779479414, 0.4168268571067698]
[0.6897220985731607, 0.7400464628586081, 0.826135692711082]
[0.10834863095966885, 0.74483268257, 0.268540124497875]
[-0.05488268659100304, 0.3380910219684182, 0.7564167259764794]
[0.9752008097685685, 0.7799879814078808, 0.010784302528973666]
[0.12243958992558768, 0.9755070417295291, 0.7074883282265768]
[0.9912356625104273, 0.044761191446057946, 0.7048302564042999]
[-0.23082087423541897, 0.5994961924301706, 0.16689630693576085]
[0.098911136686479, 0.12714262315446112, 0.5717176234911313]
[0.9172371007513, 0.5677606672221254, 0.2753036305104586]
[-0.7236114904800377, 0.7074236126905086, 0.4851923037572987]
[0.964250928550588, 0.701650400266677, 0.9110649899437682]
[0.7103640350343454, 0.018428996138931897, 0.5036141500866087]
[0.1842801338117357, 0.07782068465444325, 0.7653644144247455]
[0.2476089648266635, 0.9306639011997656, 0.5692532616984568]
[0.3528578386775989, 0.37730953664850164, 0.1519475381793457]
[0.38746021012043785, 0.004176271020989053, 0.2744317562274401]
[0.05649933329178869, 0.19244482847112976, 0.8002995041414402]
[0.7411734588487568, 0.7300343376249975, 0.3102041834064002]
[-0.32455442605826734, 0.7993978186636399, 0.10876710023223735]
[0.20410437378599067, 0.3933835040264717, 0.1376973135228201]
[0.8624992860924638, 0.07311278486110684, 0.3740630345763153]
[0.040952441382103855, 0.4859648778120671, 0.981245435450606]
[0.9253513469949164, 0.20205976336346587, 0.1563529072765003]
[-0.06993756335750123, 0.8732542021752999, 0.026044818360664967]
[0.06905773601996046, 0.20122904906688033, 0.8307940748646366]
[-0.3999650686414391, 0.15435564306178773, 0.06123646747828504]
[0.552976407299278, 0.581237931621688, 0.09664977789854023]
[0.06869819128257348, 0.467785952979874, 0.30662234928164467]
[-0.7478007899555481, 0.15578986074785983, 0.3736045088135811]
[0.7587771733953748, 0.7806029875220369, 0.7990859878693082]
[0.07276620512074827, 0.9105972333997544, 0.40830007572138327]
[0.3179090078125062, 0.0020958876724742614, 0.596293425800992]
[-0.8229292915347046, 0.9842996692821443, 0.3588531679966859]
[-0.15606282744658828, 0.5834564219772318, 0.8430704266676176]
[-0.7455430093748479, 0.5987221059605523, 0.9628241323538725]
[0.9637630261518495, 0.5916833877028356, 0.8113812248560633]
[0.5971033468826783, 0.5631147087485655, 0.39231867198444514]
[0.6916263433544176, 0.9574132936768147, 0.34926358128750934]
[0.4106713069453469, 0.1790806991308248, 0.0334137873117647]
[-0.7997385363264018, 0.8331086005527993, 0.773632445859395]
[0.2329865340415891, 0.5556964259558556, 0.043667478695655015]
[0.9948235540793076, 0.3484869692153323, 0.8601289580742011]
[0.23259619459414926, 0.06366664429450597, 0.9552595618815641]
[-0.5903093740962249, 0.004057385143049541, 0.7903933589622165]
[-0.3332833563077495, 0.2570582057120915, 0.47218217908981497]
[0.9702212483357768, 0.407254627895567, 0.700405824255855]
[-0.7942811647553543, 0.80942176481974, 0.4699669110966821]
[0.1717372128106054, 0.2755677659474358, 0.8276995892441924]
[0.37454844015123356, 0.16438444059889035, 0.3729030089365247]
[-0.26873597832174956, 0.82029822333539, 0.6557823972215188]
[-0.08626362045249092, 0.6308470752207245, 0.36036828621005024]
[-0.46655384597192606, 0.6034443231154822, 0.5179352130270274]
[-0.4128261052689137, 0.20164870883097896, 0.05355020369446428]
[0.9892652564815023, 0.7557030155842438, 0.058830879070745024]
[0.9882469269797083, 0.041396637657612256, 0.19236358470928627]
[0.26827441363304994, 0.8427543725518877, 0.6685775627608169]
[0.7096665387625345, 0.6915759960438617, 0.4473202186020051]
[0.22069909457731263, 0.5392661880168569, 0.9487980751442773]
[0.693624706408184, 0.7769510704595128, 0.10017542127716428]
[-0.5598346596873522, 0.9914438358562842, 0.44914311603336976]
[0.7403680454636592, 0.03786487627049384, 0.5484894816033364]
[-0.6845439706267258, 0.3578887971763359, 0.6599577414378744]
[0.5692213851515793, 0.6725010061985791, 0.47378219510411657]
[-0.06519911461729744, 0.23203082895531923, 0.3424336468867818]
[0.5104875787836445, 0.34939080712633797, 0.563313911629641]
[-0.9687214507176545, 0.506374223885697, 0.8049329824633472]
[0.5401444549727161, 0.890921439715025, 0.5349189393220031]
[0.9304057970735418, 0.5156838557615145, 0.33112529046417527]
[0.9409053669752525, 0.7765296103018529, 0.41393278092922103]
[-0.5502681113584065, 0.8525620212769246, 0.49456120023095607]
[-0.2856153703512889, 0.815123969342552, 0.7904527737017524]
[0.49866255227617473, 0.7797425004796025, 0.2721229445918224]
[-0.1686321646177089, 0.42931039358826484, 0.19128122720098661]
[0.39520858028315287, 0.7222122370685206, 0.695613837168033]
[-0.8144621397937286, 0.28620327216452923, 0.49713895609410386]
[0.4959006048089549, 0.9524193793781532, 0.754381404609993]
[0.22601637312460476, 0.6372257221481079, 0.951218980597255]
[0.991250917939704, 0.23182974888572783, 0.5350700856039419]
[0.9662355356167271, 0.27355828518884917, 0.819724480897899]
[0.5781499430450152, 0.8793943291096895, 0.9185080819567921]
[0.8255264458784772, 0.4279870292836023, 0.07696635178634503]
[-0.7060159113939162, 0.9637363061238736, 0.5388309245276434]
[0.7549681710632428, 0.25498243380753327, 0.8661364281617856]
[-0.8561751365517871, 0.3147340719269217, 0.8651998276067348]
[-0.1693828927099259, 0.10972892613470675, 0.24820553095559394]
[0.6850449971474628, 0.30247825740642675, 0.1465479718297762]
[-0.16603065544031703, 0.26345482126095887, 0.816765965587616]
[-0.3360539247558618, 0.865362494309375, 0.920103664739288]
[0.13076975323148976, 0.04040547875061096, 0.18247193485959956]
[0.9444385420449839, 0.6204216864292228, 0.33217528878806746]
[0.06590329097436443, 0.28287061800634283, 0.9467931356035353]
[0.1304670041009499, 0.701468877078083, 0.7281875994147191]
[0.2948199568365588, 0.8685904417807113, 0.6785772238732075]
[0.666554900830469, 0.5745161016178809, 0.17234050793409028]
[-0.822655680234843, 0.006808839862582627, 0.24140236262924597]
[-0.5253356415541539, 0.6796147164015094, 0.8424740603504216]
[0.7780816570602804, 0.41145592149582366, 0.18190657368910546]
[-0.4861695333503302, 0.9004359515601068, 0.7284196393137842]
[-0.4148079331752166, 0.7978893785107009, 0.13181596007815932]
[-0.018800909342828742, 0.495574508735233, 0.49277653272540767]
[0.7383181127930929, 0.8612002594110186, 0.9222550138099364]
[0.9505723894729472, 0.07723213077819835, 0.9606420046701868]
[0.43081197865199705, 0.18217228102095873, 0.9055661549988704]
[0.45394552300430235, 0.7812014850593033, 0.49687580697713474]
[-0.8451086254527278, 0.11228580910108732, 0.9328301821375585]
[0.2850582583444401, 0.2001008031271735, 0.2382055532775349]
[-0.469812500108441, 0.24362652205392965, 0.11350484025346341]
[0.19166636457339004, 0.4004880622490369, 0.2813270785293833]
[-0.45469741148637555, 0.7237432105829554, 0.7706312971227572]
[0.05252166612631437, 0.22606165767141295, 0.42854822560565287]
[-0.3339596377505982, 0.3190083353162746, 0.16905331904027743]
[-0.02318412353488175, 0.09048548703118109, 0.165221747651491]
[0.2856555268379417, 0.561207989726194, 0.4688892785285973]
[-0.061936429090889034, 0.13019545408737765, 0.9277836117866762]
[0.4836405106889232, 0.4375216383513342, 0.3826730146306615]
[-0.9507783291075402, 0.2923769038871189, 0.48327739392968716]
[0.9288208010393553, 0.18432337708971025, 0.7371068325260407]
[-0.6219881959698157, 0.08489982287558206, 0.8668305965305136]
[-0.975510337254621, 0.19771300420635174, 0.6001401167331634]
[-0.01264144329747352, 0.30447519325706607, 0.06171178659663379]
[0.4716129314310724, 0.36449792528444214, 0.8470919618496431]
[0.8862542214290194, 0.46871845941980717, 0.9783928655955704]
[0.35831788086486305, 0.054087196290370954, 0.011570628493235757]
[-0.5466761920010137, 0.2826050813881539, 0.8487744050886463]
[-0.2923279539562189, 0.1974387064680312, 0.7617804513386462]
[-0.05131641855600688, 0.2650888966139887, 0.7591035258154853]
[0.8267210129315068, 0.4663799212040557, 0.8087752719824989]
[-0.7252888272375981, 0.30347154881308136, 0.21100430637812795]
[0.6815793312395348, 0.3125236240127618, 0.5920222013783633]
[-0.9884784801936866, 0.35455271342173955, 0.6235544093337206]
[0.33546436368165744, 0.759853009303116, 0.5166207042862191]
[-0.8655737689584486, 0.9468853582289894, 0.026727903082215843]
[0.6504844187106988, 0.39764051976330417, 0.8089058804680024]
[0.9569547582722473, 0.1939365512196226, 0.7402738727601444]
[-0.9754649049465649, 0.47647755377551737, 0.060621240592804826]
[-0.16588204320905975, 0.6738631030925146, 0.3021087811245894]
[0.4805568462784304, 0.6261669359050633, 0.4570645975025083]
[0.010959781549739533, 0.5042687626936012, 0.9314515540003574]
[0.8542065951419948, 0.26901154564715246, 0.21912694150761003]
[0.43507963927897864, 0.7389640995039654, 0.394980030889839]
[0.20939283663839392, 0.39951349383975254, 0.8080514639109091]
[-0.5715251122965064, 0.28437886656516387, 0.6929530797030082]
[0.8643704049682535, 0.27809301272129516, 0.5952019565623056]
[-0.2026104314700765, 0.4666198897274163, 0.7523444112363383]
[-0.3170659537573848, 0.7037461859185995, 0.08232197703321686]
[-0.16758574554939254, 0.1607452686068962, 0.2690833052080819]
[-0.7630501495624029, 0.4250091201714469, 0.007229219271311482]
[0.18971226660939178, 0.3785869079280473, 0.03226582918304288]
[0.5451396431221063, 0.13981619066760975, 0.3965876550304356]
[-0.7439153173882882, 0.7694808827417668, 0.47546456789674985]
[-0.9776898280477198, 0.28929151325578173, 0.38325066279929554]
[-0.7891746552809409, 0.15277755748676303, 0.24004066656623158]
[0.2279322843437046, 0.01710611597719347, 0.8429250253026724]
[0.6695934538169779, 0.26358164180012067, 0.6738710527639359]
[0.41928123388584715, 0.6142405189028068, 0.7679831201249832]
[0.03561878638373206, 0.11784479814512272, 0.531651929219438]
[-0.3506107476177138, 0.06415136929256426, 0.9284052830638551]
[-0.9896883592841876, 0.2638056726316873, 0.8611783263346506]
[0.7469722753394084, 0.4852248910379765, 0.03871874891002025]
[0.5970037228651643, 0.8764109455120925, 0.055399717086001554]
[0.7476445036156569, 0.4054021308492801, 0.02521099950398309]
[0.5668811248382568, 0.6204506795314993, 0.4498585773320266]
[0.6488105854297332, 0.32151046678873707, 0.15295872677628353]
[-0.7070841059124819, 0.6404561833802624, 0.5369710224722406]
[-0.8574347602017209, 0.9917834315806295, 0.8752652310740487]
[0.08679406607997575, 0.9626181671503682, 0.23325341553373546]
[-0.7779816966638573, 0.6462813316486845, 0.23582717812250298]
[0.6804081062956431, 0.9998168908768102, 0.5448880095166091]
[-0.8936730518890446, 0.9335497717181128, 0.7247124608596065]
[-0.865436560717435, 0.4247636104869862, 0.5300312523273221]
[-0.02021708176280468, 0.4827082310239146, 0.6767810853130869]
[0.2691842432967162, 0.30784288058550136, 0.9029437983859816]
[0.008056015275336392, 0.5878142895525299, 0.0359051725534969]
[-0.5372196843669199, 0.28581387933138425, 0.6600008289186096]
[-0.6542007143038377, 0.3329587175503179, 0.31114463946790405]
[0.7630978957348991, 0.3443119105394983, 0.5908106025927662]
[-0.6000315758715844, 0.7273317477437883, 0.7747556905451758]
[0.28649916288780664, 0.02956347521546887, 0.37943359553353306]
[-0.7619318658287921, 0.6155247599908872, 0.3427146928690229]
[-0.0027151904488194045, 0.9126501233788926, 0.11620929476828346]
[-0.24976546339856887, 0.15763079927820467, 0.5580276274293628]
[-0.6643479019133518, 0.5755301977420024, 0.4230012767119412]
[0.20779943257010824, 0.0739998976203029, 0.6059434903864118]
[-0.4686388858512749, 0.2781372990392903, 0.9792647871526838]
[0.0260057420183184, 0.5460668538538112, 0.379393672622784]
[0.6183548072870333, 0.156685573045248, 0.6795060686887329]
[0.17711322519891626, 0.2606513672696471, 0.9021602643935152]
[0.6610514469315807, 0.5376688238366257, 0.08549691412710136]
[0.40284430023832885, 0.6380960134024858, 0.8103436281012483]
[0.45329915233649376, 0.22222199837648415, 0.15738647776263293]
[0.8547571580225923, 0.981080379359053, 0.8853405753436598]
[0.08686279032425803, 0.2895711412280817, 0.4378368410585217]
[-0.9776618724434687, 0.45680069778455157, 0.2272605799339189]
[-0.36831491417895057, 0.8399607456849056, 0.7440965453368507]
[0.5890703461495166, 0.09000199792296915, 0.3967227977053045]
[-0.4025300085105141, 0.4375240199481877, 0.4054036992635728]
[-0.027263672683238704, 0.0784965341928554, 0.5403185955315417]
[0.5246906389049941, 0.3257712694041055, 0.9743563025561969]
[0.9169257705512919, 0.8195116662720513, 0.14382059564010985]
[0.6675838326509707, 0.6815393839799109, 0.8700782949340564]
[0.9341022201531681, 0.2048376666472298, 0.1655886265917833]
[0.1909261398192641, 0.029268522733880364, 0.7276731725755773]
[0.7227275198010668, 0.9932930092237845, 0.1077241367130145]
[-0.6564214039293517, 0.6023519704045099, 0.226105612325317]
[-0.6165115192933432, 0.889491234944182, 0.5252084966759161]
[-0.42706823743851485, 0.39926061868274965, 0.7895049354782777]
[-0.7023379577911284, 0.41470240936748304, 0.7326366975038815]
[0.9764210881493962, 0.3882217028583913, 0.3172137134384465]
[0.25518136452381057, 0.34889662079474937, 0.0022787539498730913]
[0.6864023810202331, 0.29914105966006943, 0.272078922966297]
[0.06949682863015516, 0.3541032692812739, 0.7407465873454402]
[-0.9966391709383482, 0.1924889478969466, 0.848690440405528]
[-0.1551491270672749, 0.0804717235533613, 0.23306116853449477]
[0.9531679093430592, 0.8741307728981268, 0.46330435321242947]
[0.18152331383979514, 0.2975707668232008, 0.6869936407117458]
[-0.9414780503619755, 0.137547746568207, 0.07231786436993815]
[0.4310656308826488, 0.6276085651813124, 0.4576363941306544]
[-0.932477485173153, 0.7235642163447297, 0.3315429943117566]
[-0.1232546796438454, 0.4434585516629794, 0.3167040606208982]
[-0.048363908009072754, 0.6928169391127268, 0.004911008797377714]
[-0.7119391897788798, 0.4994225686560765, 0.9521758190799604]
[0.3752785755293888, 0.7296983197145261, 0.37106666388048803]
[0.7618252441256137, 0.3940208796741549, 0.5704042573122365]
[-0.9544105654733361, 0.4988293180477611, 0.3478576274706504]
[0.1961711602438585, 0.9683520486424855, 0.573956842671686]
[0.050089176049355144, 0.4882094058139791, 0.3697748203336986]
[-0.4437122945024874, 0.9987369701337349, 0.4071817579458745]
[-0.933462720916693, 0.8205028231158638, 0.3479218939295363]
[-0.3376716181039501, 0.549720625492745, 0.47638416640889125]
[-0.9887744538513845, 0.9165320497083645, 0.45946863468905463]
[0.21473438868692996, 0.7182116105088839, 0.5562106000506262]
[-0.9034772875335617, 0.5659062313943782, 0.3953410484453176]
[-0.3875536657529428, 0.3796772376106605, 0.8309570257891868]
[-0.3118117017345403, 0.7142019283136756, 0.5413708714344625]
[0.22956156756843793, 0.13105865269834527, 0.1833706712118276]
[-0.33313741286461296, 0.15821681002608035, 0.9802244411102902]
[-0.08055586785415736, 0.3954494780017168, 0.4557271506426034]
[0.6004858867334519, 0.6510694663122726, 0.005198905917973673]
[-0.24947949048974216, 0.545404801867474, 0.5301729163694138]
[0.10505222626417687, 0.3451579220862464, 0.7968420726840844]
[-0.2490558911165044, 0.4501168661131769, 0.658170793493348]
[0.0003281738993337058, 0.8706874392914024, 0.7502442266588578]
[0.7286339786984233, 0.2274142426065393, 0.1223584896740798]
[0.05301595992948438, 0.11940423023769509, 0.24449070169952303]
[-0.04908525065546954, 0.430948945187278, 0.256794274855523]
[0.40777287040165544, 0.036808829099784335, 0.38907371332193375]
[-0.0849658197527674, 0.16452369887493212, 0.8823017538653364]
[-0.18180840775726415, 0.48634127290037565, 0.052785330332530966]
[0.5039447310741849, 0.0782960919019674, 0.09116764250204534]
[-0.7785060529483401, 0.7537959814297355, 0.0726329389511442]
[0.017636400280020892, 0.6980804446644927, 0.5606929047716442]
[0.2987147570023667, 0.9748467054111994, 0.6601081063274429]
[0.13876539866671767, 0.14152223119617258, 0.6615863242430523]
[-0.49353346803603637, 0.29074760817547285, 0.16202051884597224]
[0.38512149797850337, 0.639218757872665, 0.10064245353147816]
[-0.8789320160660719, 0.6665712449025907, 0.5992746157389954]
[-0.9539583943443022, 0.07110044042784047, 0.4908385398619798]
[0.6052926120683122, 0.5574579861722113, 0.05403435609352336]
[-0.22525994730925558, 0.8378065127455704, 0.3783012949241751]
[0.5916377094646532, 0.3123714693973816, 0.6248982611840436]
[-0.3805406965364204, 0.2107380677360422, 0.8050131682477764]
[-0.9811146803773603, 0.40548932025832385, 0.21021225482189632]
[0.5993889042228282, 0.2063396804801082, 0.11536783890621871]
[-0.9445467294639838, 0.7258934648767433, 0.8012200437919772]
[-0.31011207354452286, 0.8028516127627301, 0.22465290302935192]
[-0.04029184873813185, 0.24712251819053033, 0.0896556046758279]
[-0.8011297812780878, 0.6642192161924956, 0.09087850576904843]
[0.8718922754030265, 0.5459575108015491, 0.6424741361591717]
[0.5201249356034718, 0.8826840927590361, 0.9285856545942006]
[0.5552878506555179, 0.0651420768174793, 0.6420284070961954]
[-0.23148941662523614, 0.03529110282287695, 0.20533145447564538]
[0.5030449311487317, 0.04702105076762764, 0.7868210745949442]
[0.5608684091624365, 0.9126974785601323, 0.4333694126878671]
[0.3052487018409642, 0.1973733341402566, 0.6917538371412078]
[0.6363000144419737, 0.6937686005781164, 0.12189616532743597]
[-0.7549449533883059, 0.2530288213869605, 0.1482852278780984]
[-0.39208747334356264, 0.04384476950135885, 0.9392885821244212]
[0.042066642590084635, 0.6493483318083982, 0.11484841201478801]
[-0.22623402804671855, 0.4200911455501646, 0.004941674226222381]
[-0.32336678049537326, 0.07839397979866825, 0.996577237861907]
[-0.7186944965391893, 0.47246059516295347, 0.7880241021881919]
[0.2841568650119115, 0.8856681387560726, 0.10404620155826627]
[-0.9257970664168222, 0.1389566986905003, 0.1177455043348592]
[-0.28983500099436155, 0.3231292917211619, 0.6236830684740209]
[0.2598943697513454, 0.9701366172580045, 0.01295902092907697]
[0.9790735228988743, 0.7240036134151759, 0.9007191759726458]
[0.7509412965181201, 0.4324844881956107, 0.16087484116494188]
[0.8689139908709345, 0.10232199670960485, 0.18533970783316966]
[-0.08137756412629837, 0.7904411725521929, 0.823296741765066]
[-0.1443051913893869, 0.22099418264690218, 0.1691047780574263]
[-0.22623704150927315, 0.6687019003182779, 0.7611464152111616]
[0.3366281826502122, 0.5532362909370525, 0.035622752813302516]
[0.5910652142905877, 0.18270455303848365, 0.9763960043981492]
[0.41492177352077375, 0.5115551994840599, 0.04880544236470974]
[-0.26934864910533163, 0.3994488073735073, 0.5774491738250934]
[0.61079752620032, 0.7186780698290625, 0.06370140967376547]
[-0.437508409527237, 0.46560562035167563, 0.11676085906240463]
[0.42515873339749977, 0.10352062350924152, 0.31979407901081824]
[-0.8045689970936363, 0.42614336409215336, 0.9802231563178396]
[0.6593462076059131, 0.7566778287762188, 0.4508037651196104]
[0.39894405712719183, 0.9455796434837858, 0.6432784810251829]
[-0.3687135312998986, 0.14751601429162042, 0.9698207802893378]
[-0.9741158916491046, 0.7045826902602443, 0.9795406779409207]
[0.6291130139634804, 0.20376551982578717, 0.6908187292444417]
[0.49256034908948765, 0.5485731833457749, 0.9400707268512711]
[-0.12000252880053108, 0.5388372672328808, 0.6560549363256671]
[0.8531489713317295, 0.9959033479798636, 0.4605595288341382]
[0.10344791337407755, 0.7872094363576408, 0.41406452992409903]
[0.6280341805752627, 0.6445100338440463, 0.2404534546584144]
[0.6225480182053154, 0.8505918780438626, 0.06342508218302201]
[-0.48267555056315725, 0.4203119654649642, 0.7920326518103169]
[0.6477474892172441, 0.19203828243326615, 0.01607156043052993]
[-0.8766711641988965, 0.713724955234325, 0.6840820592735011]
[0.5029456702893418, 0.8422435691379218, 0.2319655667492373]
[-0.11452020485740166, 0.5867765586012891, 0.7301471748223508]
[0.5662483698574035, 0.5932802274587137, 0.938005706307549]
[0.02963045747190196, 0.11916571233162265, 0.6461987311331913]
[-0.01789135720468593, 0.9296054572731426, 0.718457543191996]
[-0.9081137327927735, 0.4712204871428701, 0.4582034947826378]
[-0.07363660378820436, 0.3487944860704153, 0.741010351714321]
[-0.10024656976970858, 0.037678006997076574, 0.2465723349920338]
[-0.04704840201541671, 0.2913106877155698, 0.5247316011713626]
[0.6631456887667584, 0.4430265504455213, 0.7786663229171444]
[-0.1880031817686263, 0.8602842403039432, 0.5121306033736158]
[0.40354547175583133, 0.809715051827371, 0.24487094565378764]
[0.026261495777479382, 0.25722614547087996, 0.5240736983340519]
[-0.8126115771490534, 0.08204680278965037, 0.2659932799910355]
[-0.18112442912071613, 0.49441328439476095, 0.5227815656694643]
[0.6012181852148293, 0.7098654246849078, 0.5536687170733898]
[-0.7123299997906964, 0.30215204250289074, 0.4246918198730112]
[0.2975180857878652, 0.5790823651788319, 0.6498835809215918]
[-0.7445169698439429, 0.39820908382121945, 0.9828919107382428]
